         1 1976.800000 1766.000000      15.5265      0.00273       133.66           199080         OK   8.900000   0.000000  90.000000   annulus     circle
#ANN    1   1.5 2.0
         2 2134.810000 1897.780000      14.8002      0.00199       204.11           388600         OK  10.900000   0.000000   0.000000   annulus     circle
#ANN    2   1.5 2.0
         3 2326.950000 1877.560000      14.3946      0.00162       207.85           564630         OK  12.000000   0.000000   0.000000   annulus     circle
#ANN    3   1.5 2.0
         4 2278.240000 1997.230000      16.7577      0.00694       300.16            64050         OK   8.400000   0.000000   0.000000   annulus     circle
#ANN    4   1.5 2.0
         5 2176.660000 2080.640000      14.9114       0.0023       386.47           350790         OK  10.300000   0.000000  90.000000   annulus     circle
#ANN    5   1.5 2.0
         6 2314.620000 2021.320000      15.2144      0.00277       407.99           265370         OK   9.800000   0.000000   0.000000   annulus     circle
#ANN    6   1.5 2.0
         7 2326.370000 2088.740000      16.2584      0.00466       336.87           101450         OK   7.300000   0.000000  90.000000   annulus     circle
#ANN    7   1.5 2.0
         8 2250.980000 2172.490000      15.8346      0.00434       409.53           149890         OK  10.200000   0.000000   0.000000   annulus     circle
#ANN    8   1.5 2.0
         9 2259.160000 2063.490000      19.6923      0.09142       482.25           4292.1         OK   7.300000   0.000000  90.000000   annulus     circle
#ANN    9   1.5 2.0
        10 2315.510000 2137.840000       15.319      0.00282       410.65           240990         OK   8.700000   0.000000   0.000000   annulus     circle
#ANN    10   1.5 2.0
        11 2228.670000 2078.920000       18.527      0.02561       443.39            12554         OK   5.900000   0.000000   0.000000   annulus     circle
#ANN    11   1.5 2.0
        12 2185.520000 2160.580000      16.6831      0.00558        246.2            68606         OK   6.800000   0.000000  90.000000   annulus     circle
#ANN    12   1.5 2.0
        13 2229.390000 2027.350000      19.6895      0.07245       355.28           4303.2         OK   6.700000   0.000000   0.000000   annulus     circle
#ANN    13   1.5 2.0
        14 2298.620000 2093.920000      16.0597      0.00456       424.34           121820         OK   8.200000   0.000000   0.000000   annulus     circle
#ANN    14   1.5 2.0
        15 2285.950000 2147.540000      17.6279      0.01406       316.36            28736         OK   8.400000   0.000000   0.000000   annulus     circle
#ANN    15   1.5 2.0
        16 2214.160000 2211.320000      15.7427       0.0035       272.42           163120         OK   9.200000   0.000000   0.000000   annulus     circle
#ANN    16   1.5 2.0
        17 2351.400000 2154.110000       15.562      0.00341       428.31           192670         OK   9.100000   0.000000   0.000000   annulus     circle
#ANN    17   1.5 2.0
        18 2388.830000 2038.360000      16.9243      0.00721       291.96            54941         OK   7.400000   0.000000   0.000000   annulus     circle
#ANN    18   1.5 2.0
        19 2119.940000 2204.430000      17.5089      0.00989       208.71            32065         OK   7.200000   0.000000  90.000000   annulus     circle
#ANN    19   1.5 2.0
        20 2135.550000 2112.960000      15.7285       0.0034       243.29           165270         OK   9.300000   0.000000  90.000000   annulus     circle
#ANN    20   1.5 2.0
        21 2186.610000 2029.320000      15.8357      0.00342       342.99           149740         OK   6.600000   0.000000   0.000000   annulus     circle
#ANN    21   1.5 2.0
        22 2188.160000 2053.270000      13.6178      0.00111       454.78       1.1547e+06         OK  10.500000   0.000000   0.000000   annulus     circle
#ANN    22   1.5 2.0
        23 2152.330000 2026.810000      15.9168       0.0035       346.57           138960         OK   6.000000   0.000000   0.000000   annulus     circle
#ANN    23   1.5 2.0
        24 2196.450000 1990.570000       14.824      0.00203       441.47           380180         OK   7.600000   0.000000   0.000000   annulus     circle
#ANN    24   1.5 2.0
        25 2206.060000 2002.670000      14.1769      0.00144       319.08           689990         OK   9.800000   0.000000   0.000000   annulus     circle
#ANN    25   1.5 2.0
        26 2259.370000 2036.850000      15.3509      0.00281       477.36           234020         OK   7.500000   0.000000   0.000000   annulus     circle
#ANN    26   1.5 2.0
        27 2257.230000 1972.030000      15.1174      0.00234       330.51           290160         OK   7.900000   0.000000   0.000000   annulus     circle
#ANN    27   1.5 2.0
        28 2111.570000 2003.800000      15.2703      0.00243       234.89           252060         OK   7.600000   0.000000   0.000000   annulus     circle
#ANN    28   1.5 2.0
        29 2224.190000 2097.080000      18.3664       0.0203       491.29            14557         OK   5.000000   0.000000   0.000000   annulus     circle
#ANN    29   1.5 2.0
        30 2225.000000 2111.850000      17.8245      0.01186       444.79            23977         OK   4.500000   0.000000   0.000000   annulus     circle
#ANN    30   1.5 2.0
        31 2174.820000 2110.890000      17.0003      0.00804       386.66            51226         OK   7.000000   0.000000   0.000000   annulus     circle
#ANN    31   1.5 2.0
        32 2247.750000 2023.460000      16.9795      0.00676       432.07            52215         OK   5.000000   0.000000   0.000000   annulus     circle
#ANN    32   1.5 2.0
        33 2318.380000 1987.780000      14.9828      0.00238       522.04           328460         OK   8.600000   0.000000  90.000000   annulus     circle
#ANN    33   1.5 2.0
        34 2265.900000 2113.110000      14.7856      0.00208       465.16           393890         OK   8.700000   0.000000   0.000000   annulus     circle
#ANN    34   1.5 2.0
        35 2222.220000 1958.720000      15.0956       0.0023       240.97           296040         OK   9.100000   0.000000   0.000000   annulus     circle
#ANN    35   1.5 2.0
        36 2232.440000 1994.830000      18.6276      0.01919       272.74            11443         OK   4.700000   0.000000   0.000000   annulus     circle
#ANN    36   1.5 2.0
        37 2254.310000 1986.210000      21.0069      0.18877       444.17           1278.9         OK   4.700000   0.000000   0.000000   annulus     circle
#ANN    37   1.5 2.0
        38 2170.650000 1972.670000      17.2081      0.00718       226.49            42302         OK   5.700000   0.000000   0.000000   annulus     circle
#ANN    38   1.5 2.0
        39 2136.900000 2003.810000      16.0658      0.00389       231.93           121130         OK   7.700000   0.000000   0.000000   annulus     circle
#ANN    39   1.5 2.0
        40 2118.100000 1960.190000      15.2638      0.00242       201.02           253570         OK   8.100000   0.000000   0.000000   annulus     circle
#ANN    40   1.5 2.0
        41 2333.380000 1971.570000      14.2265       0.0015       363.01           659160         OK   9.700000   0.000000   0.000000   annulus     circle
#ANN    41   1.5 2.0
        42 2353.030000 1973.040000      15.8389      0.00347       355.63           149300         OK   6.700000   0.000000   0.000000   annulus     circle
#ANN    42   1.5 2.0
        43 2224.350000 1938.770000      14.0434      0.00133       270.34           780280         OK   9.800000   0.000000   0.000000   annulus     circle
#ANN    43   1.5 2.0
        44 2232.390000 2014.050000      20.1511      0.08028       282.13           2812.9         OK   5.400000   0.000000   0.000000   annulus     circle
#ANN    44   1.5 2.0
        45 2317.450000 2059.760000       17.377      0.00952       302.26            36208         OK   6.600000   0.000000   0.000000   annulus     circle
#ANN    45   1.5 2.0
        46 2141.910000 2083.990000      16.6713       0.0056       321.81            69354         OK   6.100000   0.000000   0.000000   annulus     circle
#ANN    46   1.5 2.0
        47 2306.660000 2043.780000      17.2393      0.00842       310.57            41105         OK   6.300000   0.000000   0.000000   annulus     circle
#ANN    47   1.5 2.0
        48 2165.050000 2016.050000      17.1164      0.00764        265.8            46029         OK   6.700000   0.000000   0.000000   annulus     circle
#ANN    48   1.5 2.0
        49 2339.200000 1997.240000      17.2975      0.00914       482.43            38959         OK   5.400000   0.000000   0.000000   annulus     circle
#ANN    49   1.5 2.0
        50 2294.680000 1967.680000      15.6594      0.00307       412.82           176140         OK   6.000000   0.000000   0.000000   annulus     circle
#ANN    50   1.5 2.0
        51 2299.090000 1977.150000      14.6638      0.00186       463.63           440630         OK   7.500000   0.000000   0.000000   annulus     circle
#ANN    51   1.5 2.0
        52 2136.140000 2052.620000      15.1526      0.00223       213.17           280900         OK   7.100000   0.000000   0.000000   annulus     circle
#ANN    52   1.5 2.0
        53 2198.310000 2116.000000      15.0572      0.00237       404.39           306690         OK   8.400000   0.000000   0.000000   annulus     circle
#ANN    53   1.5 2.0
        54 2342.320000 2105.690000      16.9327      0.00689       508.67            54514         OK   5.100000   0.000000   0.000000   annulus     circle
#ANN    54   1.5 2.0
        55 2354.360000 2103.830000      16.6781      0.00644       617.88            68922         OK   5.700000   0.000000   0.000000   annulus     circle
#ANN    55   1.5 2.0
        56 2352.300000 2075.880000      17.5293       0.0103       471.44            31468         OK   5.000000   0.000000   0.000000   annulus     circle
#ANN    56   1.5 2.0
        57 2306.770000 2104.380000      17.5404      0.01022       445.57            31149         OK   5.000000   0.000000   0.000000   annulus     circle
#ANN    57   1.5 2.0
        58 2275.460000 2090.290000      17.1506      0.00811        462.4            44604         OK   5.400000   0.000000   0.000000   annulus     circle
#ANN    58   1.5 2.0
        59 2317.040000 2117.970000      17.2709      0.00851       513.21            39926         OK   4.800000   0.000000   0.000000   annulus     circle
#ANN    59   1.5 2.0
        60 2294.110000 2124.370000      14.6873      0.00189       451.79           431220         OK   7.800000   0.000000   0.000000   annulus     circle
#ANN    60   1.5 2.0
        61 2375.130000 2004.310000      17.0148      0.00779       367.35            50543         OK   6.700000   0.000000   0.000000   annulus     circle
#ANN    61   1.5 2.0
        62 2376.710000 2059.260000      15.8122      0.00359       354.12           153010         OK   7.700000   0.000000   0.000000   annulus     circle
#ANN    62   1.5 2.0
        63 2114.090000 2099.670000       16.955      0.00643       246.25            53406         OK   6.200000   0.000000   0.000000   annulus     circle
#ANN    63   1.5 2.0
        64 2096.490000 2118.380000      16.5606      0.00484       205.74            76797         OK   6.300000   0.000000   0.000000   annulus     circle
#ANN    64   1.5 2.0
        65 2104.260000 2156.940000      16.0822       0.0038       249.46           119320         OK   6.700000   0.000000   0.000000   annulus     circle
#ANN    65   1.5 2.0
        66 2135.500000 2134.510000      15.4288      0.00274       308.97           217810         OK   7.400000   0.000000   0.000000   annulus     circle
#ANN    66   1.5 2.0
        67 2240.000000 2144.670000      18.7273      0.02812       393.27            10439         OK   5.700000   0.000000   0.000000   annulus     circle
#ANN    67   1.5 2.0
        68 2338.530000 2043.920000      18.6177      0.02224       278.99            11549         OK   5.700000   0.000000   0.000000   annulus     circle
#ANN    68   1.5 2.0
        69 2109.090000 2044.190000      19.4369      0.03579       234.45           5430.5         OK   4.800000   0.000000   0.000000   annulus     circle
#ANN    69   1.5 2.0
        70 2118.350000 2079.540000       18.128      0.01429       236.59            18131         OK   5.800000   0.000000   0.000000   annulus     circle
#ANN    70   1.5 2.0
        71 2367.940000 2140.450000      17.2458      0.00822        344.5            40860         OK   5.700000   0.000000   0.000000   annulus     circle
#ANN    71   1.5 2.0
        72 2238.230000 2070.770000      14.8927      0.00211       403.99           356890         OK   7.900000   0.000000   0.000000   annulus     circle
#ANN    72   1.5 2.0
        73 2214.530000 2051.110000      14.7326      0.00201       516.18           413590         OK   8.200000   0.000000   0.000000   annulus     circle
#ANN    73   1.5 2.0
        74 2367.810000 2075.230000      16.8846      0.00724       447.65            56984         OK   6.300000   0.000000   0.000000   annulus     circle
#ANN    74   1.5 2.0
        75 2343.980000 2135.440000      14.8635      0.00215       505.41           366620         OK   8.000000   0.000000   0.000000   annulus     circle
#ANN    75   1.5 2.0
        76 2342.450000 2078.650000       16.931      0.00662        317.8            54600         OK   6.000000   0.000000   0.000000   annulus     circle
#ANN    76   1.5 2.0
        77 2348.380000 2091.520000      17.0464      0.00741       482.87            49094         OK   5.200000   0.000000   0.000000   annulus     circle
#ANN    77   1.5 2.0
        78 2151.310000 2143.330000      15.2907      0.00258       379.55           247340         OK   7.300000   0.000000   0.000000   annulus     circle
#ANN    78   1.5 2.0
        79 2220.370000 2133.580000      15.1782      0.00253       464.84           274350         OK   7.700000   0.000000   0.000000   annulus     circle
#ANN    79   1.5 2.0
        80 2266.130000 2147.460000      16.5727      0.00513       299.91            75945         OK   6.000000   0.000000   0.000000   annulus     circle
#ANN    80   1.5 2.0
